{
 "cells": [
  {
   "cell_type": "code",
   "execution_count": 1,
   "metadata": {},
   "outputs": [],
   "source": [
    "# Importando pandas para trabalhar com dataframes\n",
    "import pandas as pd\n",
    "\n",
    "# Importando matplotlib\n",
    "import matplotlib\n",
    "\n",
    "import numpy as np\n",
    "\n",
    "# Importando a classe Arquivos  do arquivo arquivos.py\n",
    "from arquivos import Arquivos\n",
    "\n",
    "from pandas.plotting import scatter_matrix"
   ]
  },
  {
   "cell_type": "code",
   "execution_count": 1,
   "outputs": [],
   "source": [],
   "metadata": {
    "collapsed": false
   }
  },
  {
   "cell_type": "code",
   "execution_count": 2,
   "metadata": {},
   "outputs": [
    {
     "data": {
      "text/plain": "       Suburb           Address  Rooms Type      Price Method SellerG       Date  Distance  Postcode  Bedroom2  Bathroom  Car  Landsize  BuildingArea  YearBuilt CouncilArea  Lattitude  Longtitude             Regionname  Propertycount\n0  Abbotsford      85 Turner St      2    h  1480000.0      S  Biggin  3/12/2016       2.5    3067.0       2.0       1.0  1.0     202.0           NaN        NaN       Yarra   -37.7996    144.9984  Northern Metropolitan         4019.0\n1  Abbotsford   25 Bloomburg St      2    h  1035000.0      S  Biggin  4/02/2016       2.5    3067.0       2.0       1.0  0.0     156.0          79.0     1900.0       Yarra   -37.8079    144.9934  Northern Metropolitan         4019.0\n2  Abbotsford      5 Charles St      3    h  1465000.0     SP  Biggin  4/03/2017       2.5    3067.0       3.0       2.0  0.0     134.0         150.0     1900.0       Yarra   -37.8093    144.9944  Northern Metropolitan         4019.0\n3  Abbotsford  40 Federation La      3    h   850000.0     PI  Biggin  4/03/2017       2.5    3067.0       3.0       2.0  1.0      94.0           NaN        NaN       Yarra   -37.7969    144.9969  Northern Metropolitan         4019.0\n4  Abbotsford       55a Park St      4    h  1600000.0     VB  Nelson  4/06/2016       2.5    3067.0       3.0       1.0  2.0     120.0         142.0     2014.0       Yarra   -37.8072    144.9941  Northern Metropolitan         4019.0",
      "text/html": "<div>\n<style scoped>\n    .dataframe tbody tr th:only-of-type {\n        vertical-align: middle;\n    }\n\n    .dataframe tbody tr th {\n        vertical-align: top;\n    }\n\n    .dataframe thead th {\n        text-align: right;\n    }\n</style>\n<table border=\"1\" class=\"dataframe\">\n  <thead>\n    <tr style=\"text-align: right;\">\n      <th></th>\n      <th>Suburb</th>\n      <th>Address</th>\n      <th>Rooms</th>\n      <th>Type</th>\n      <th>Price</th>\n      <th>Method</th>\n      <th>SellerG</th>\n      <th>Date</th>\n      <th>Distance</th>\n      <th>Postcode</th>\n      <th>Bedroom2</th>\n      <th>Bathroom</th>\n      <th>Car</th>\n      <th>Landsize</th>\n      <th>BuildingArea</th>\n      <th>YearBuilt</th>\n      <th>CouncilArea</th>\n      <th>Lattitude</th>\n      <th>Longtitude</th>\n      <th>Regionname</th>\n      <th>Propertycount</th>\n    </tr>\n  </thead>\n  <tbody>\n    <tr>\n      <th>0</th>\n      <td>Abbotsford</td>\n      <td>85 Turner St</td>\n      <td>2</td>\n      <td>h</td>\n      <td>1480000.0</td>\n      <td>S</td>\n      <td>Biggin</td>\n      <td>3/12/2016</td>\n      <td>2.5</td>\n      <td>3067.0</td>\n      <td>2.0</td>\n      <td>1.0</td>\n      <td>1.0</td>\n      <td>202.0</td>\n      <td>NaN</td>\n      <td>NaN</td>\n      <td>Yarra</td>\n      <td>-37.7996</td>\n      <td>144.9984</td>\n      <td>Northern Metropolitan</td>\n      <td>4019.0</td>\n    </tr>\n    <tr>\n      <th>1</th>\n      <td>Abbotsford</td>\n      <td>25 Bloomburg St</td>\n      <td>2</td>\n      <td>h</td>\n      <td>1035000.0</td>\n      <td>S</td>\n      <td>Biggin</td>\n      <td>4/02/2016</td>\n      <td>2.5</td>\n      <td>3067.0</td>\n      <td>2.0</td>\n      <td>1.0</td>\n      <td>0.0</td>\n      <td>156.0</td>\n      <td>79.0</td>\n      <td>1900.0</td>\n      <td>Yarra</td>\n      <td>-37.8079</td>\n      <td>144.9934</td>\n      <td>Northern Metropolitan</td>\n      <td>4019.0</td>\n    </tr>\n    <tr>\n      <th>2</th>\n      <td>Abbotsford</td>\n      <td>5 Charles St</td>\n      <td>3</td>\n      <td>h</td>\n      <td>1465000.0</td>\n      <td>SP</td>\n      <td>Biggin</td>\n      <td>4/03/2017</td>\n      <td>2.5</td>\n      <td>3067.0</td>\n      <td>3.0</td>\n      <td>2.0</td>\n      <td>0.0</td>\n      <td>134.0</td>\n      <td>150.0</td>\n      <td>1900.0</td>\n      <td>Yarra</td>\n      <td>-37.8093</td>\n      <td>144.9944</td>\n      <td>Northern Metropolitan</td>\n      <td>4019.0</td>\n    </tr>\n    <tr>\n      <th>3</th>\n      <td>Abbotsford</td>\n      <td>40 Federation La</td>\n      <td>3</td>\n      <td>h</td>\n      <td>850000.0</td>\n      <td>PI</td>\n      <td>Biggin</td>\n      <td>4/03/2017</td>\n      <td>2.5</td>\n      <td>3067.0</td>\n      <td>3.0</td>\n      <td>2.0</td>\n      <td>1.0</td>\n      <td>94.0</td>\n      <td>NaN</td>\n      <td>NaN</td>\n      <td>Yarra</td>\n      <td>-37.7969</td>\n      <td>144.9969</td>\n      <td>Northern Metropolitan</td>\n      <td>4019.0</td>\n    </tr>\n    <tr>\n      <th>4</th>\n      <td>Abbotsford</td>\n      <td>55a Park St</td>\n      <td>4</td>\n      <td>h</td>\n      <td>1600000.0</td>\n      <td>VB</td>\n      <td>Nelson</td>\n      <td>4/06/2016</td>\n      <td>2.5</td>\n      <td>3067.0</td>\n      <td>3.0</td>\n      <td>1.0</td>\n      <td>2.0</td>\n      <td>120.0</td>\n      <td>142.0</td>\n      <td>2014.0</td>\n      <td>Yarra</td>\n      <td>-37.8072</td>\n      <td>144.9941</td>\n      <td>Northern Metropolitan</td>\n      <td>4019.0</td>\n    </tr>\n  </tbody>\n</table>\n</div>"
     },
     "execution_count": 2,
     "metadata": {},
     "output_type": "execute_result"
    }
   ],
   "source": [
    "# Importacao da classe Arquivos\n",
    "arquivos = Arquivos()\n",
    "\n",
    "# Chamada do metodo para retornar o dataset\n",
    "df = arquivos.retornar_dataset()\n",
    "\n",
    "# Chamada do metodo para retornar as primeiras linhas do dataset\n",
    "df.head()"
   ]
  },
  {
   "cell_type": "code",
   "execution_count": 3,
   "metadata": {},
   "outputs": [
    {
     "data": {
      "text/plain": "[(0, 'Suburb'),\n (1, 'Address'),\n (2, 'Rooms'),\n (3, 'Type'),\n (4, 'Price'),\n (5, 'Method'),\n (6, 'SellerG'),\n (7, 'Date'),\n (8, 'Distance'),\n (9, 'Postcode'),\n (10, 'Bedroom2'),\n (11, 'Bathroom'),\n (12, 'Car'),\n (13, 'Landsize'),\n (14, 'BuildingArea'),\n (15, 'YearBuilt'),\n (16, 'CouncilArea'),\n (17, 'Lattitude'),\n (18, 'Longtitude'),\n (19, 'Regionname'),\n (20, 'Propertycount')]"
     },
     "execution_count": 3,
     "metadata": {},
     "output_type": "execute_result"
    }
   ],
   "source": [
    "numericas_converter = [\n",
    "    'Rooms',\n",
    "    'Bedroom2',\n",
    "    'Bathroom',\n",
    "    'Car',\n",
    "    'Propertycount',\n",
    "]\n",
    "\n",
    "arquivos.colunas"
   ]
  },
  {
   "cell_type": "code",
   "execution_count": 4,
   "metadata": {},
   "outputs": [
    {
     "name": "stdout",
     "output_type": "stream",
     "text": [
      "<class 'pandas.core.frame.DataFrame'>\n",
      "RangeIndex: 13580 entries, 0 to 13579\n",
      "Data columns (total 21 columns):\n",
      " #   Column         Non-Null Count  Dtype  \n",
      "---  ------         --------------  -----  \n",
      " 0   Suburb         13580 non-null  object \n",
      " 1   Address        13580 non-null  object \n",
      " 2   Rooms          13580 non-null  int64  \n",
      " 3   Type           13580 non-null  object \n",
      " 4   Price          13580 non-null  float64\n",
      " 5   Method         13580 non-null  object \n",
      " 6   SellerG        13580 non-null  object \n",
      " 7   Date           13580 non-null  object \n",
      " 8   Distance       13580 non-null  float64\n",
      " 9   Postcode       13580 non-null  float64\n",
      " 10  Bedroom2       13580 non-null  float64\n",
      " 11  Bathroom       13580 non-null  float64\n",
      " 12  Car            13518 non-null  float64\n",
      " 13  Landsize       13580 non-null  float64\n",
      " 14  BuildingArea   7130 non-null   float64\n",
      " 15  YearBuilt      8205 non-null   float64\n",
      " 16  CouncilArea    12211 non-null  object \n",
      " 17  Lattitude      13580 non-null  float64\n",
      " 18  Longtitude     13580 non-null  float64\n",
      " 19  Regionname     13580 non-null  object \n",
      " 20  Propertycount  13580 non-null  float64\n",
      "dtypes: float64(12), int64(1), object(8)\n",
      "memory usage: 2.2+ MB\n"
     ]
    }
   ],
   "source": [
    "df.info()"
   ]
  },
  {
   "cell_type": "code",
   "execution_count": 5,
   "outputs": [
    {
     "data": {
      "text/plain": "          Rooms       Price  Distance  Postcode  Bedroom2  Bathroom       Car   Landsize  BuildingArea  YearBuilt  Lattitude  Longtitude  Propertycount\ncount  13580.00    13580.00  13580.00  13580.00  13580.00  13580.00  13518.00   13580.00       7130.00    8205.00   13580.00    13580.00       13580.00\nmean       2.94  1075684.08     10.14   3105.30      2.91      1.53      1.61     558.42        151.97    1964.68     -37.81      145.00        7454.42\nstd        0.96   639310.72      5.87     90.68      0.97      0.69      0.96    3990.67        541.01      37.27       0.08        0.10        4378.58\nmin        1.00    85000.00      0.00   3000.00      0.00      0.00      0.00       0.00          0.00    1196.00     -38.18      144.43         249.00\n25%        2.00   650000.00      6.10   3044.00      2.00      1.00      1.00     177.00         93.00    1940.00     -37.86      144.93        4380.00\n50%        3.00   903000.00      9.20   3084.00      3.00      1.00      2.00     440.00        126.00    1970.00     -37.80      145.00        6555.00\n75%        3.00  1330000.00     13.00   3148.00      3.00      2.00      2.00     651.00        174.00    1999.00     -37.76      145.06       10331.00\nmax       10.00  9000000.00     48.10   3977.00     20.00      8.00     10.00  433014.00      44515.00    2018.00     -37.41      145.53       21650.00",
      "text/html": "<div>\n<style scoped>\n    .dataframe tbody tr th:only-of-type {\n        vertical-align: middle;\n    }\n\n    .dataframe tbody tr th {\n        vertical-align: top;\n    }\n\n    .dataframe thead th {\n        text-align: right;\n    }\n</style>\n<table border=\"1\" class=\"dataframe\">\n  <thead>\n    <tr style=\"text-align: right;\">\n      <th></th>\n      <th>Rooms</th>\n      <th>Price</th>\n      <th>Distance</th>\n      <th>Postcode</th>\n      <th>Bedroom2</th>\n      <th>Bathroom</th>\n      <th>Car</th>\n      <th>Landsize</th>\n      <th>BuildingArea</th>\n      <th>YearBuilt</th>\n      <th>Lattitude</th>\n      <th>Longtitude</th>\n      <th>Propertycount</th>\n    </tr>\n  </thead>\n  <tbody>\n    <tr>\n      <th>count</th>\n      <td>13580.00</td>\n      <td>13580.00</td>\n      <td>13580.00</td>\n      <td>13580.00</td>\n      <td>13580.00</td>\n      <td>13580.00</td>\n      <td>13518.00</td>\n      <td>13580.00</td>\n      <td>7130.00</td>\n      <td>8205.00</td>\n      <td>13580.00</td>\n      <td>13580.00</td>\n      <td>13580.00</td>\n    </tr>\n    <tr>\n      <th>mean</th>\n      <td>2.94</td>\n      <td>1075684.08</td>\n      <td>10.14</td>\n      <td>3105.30</td>\n      <td>2.91</td>\n      <td>1.53</td>\n      <td>1.61</td>\n      <td>558.42</td>\n      <td>151.97</td>\n      <td>1964.68</td>\n      <td>-37.81</td>\n      <td>145.00</td>\n      <td>7454.42</td>\n    </tr>\n    <tr>\n      <th>std</th>\n      <td>0.96</td>\n      <td>639310.72</td>\n      <td>5.87</td>\n      <td>90.68</td>\n      <td>0.97</td>\n      <td>0.69</td>\n      <td>0.96</td>\n      <td>3990.67</td>\n      <td>541.01</td>\n      <td>37.27</td>\n      <td>0.08</td>\n      <td>0.10</td>\n      <td>4378.58</td>\n    </tr>\n    <tr>\n      <th>min</th>\n      <td>1.00</td>\n      <td>85000.00</td>\n      <td>0.00</td>\n      <td>3000.00</td>\n      <td>0.00</td>\n      <td>0.00</td>\n      <td>0.00</td>\n      <td>0.00</td>\n      <td>0.00</td>\n      <td>1196.00</td>\n      <td>-38.18</td>\n      <td>144.43</td>\n      <td>249.00</td>\n    </tr>\n    <tr>\n      <th>25%</th>\n      <td>2.00</td>\n      <td>650000.00</td>\n      <td>6.10</td>\n      <td>3044.00</td>\n      <td>2.00</td>\n      <td>1.00</td>\n      <td>1.00</td>\n      <td>177.00</td>\n      <td>93.00</td>\n      <td>1940.00</td>\n      <td>-37.86</td>\n      <td>144.93</td>\n      <td>4380.00</td>\n    </tr>\n    <tr>\n      <th>50%</th>\n      <td>3.00</td>\n      <td>903000.00</td>\n      <td>9.20</td>\n      <td>3084.00</td>\n      <td>3.00</td>\n      <td>1.00</td>\n      <td>2.00</td>\n      <td>440.00</td>\n      <td>126.00</td>\n      <td>1970.00</td>\n      <td>-37.80</td>\n      <td>145.00</td>\n      <td>6555.00</td>\n    </tr>\n    <tr>\n      <th>75%</th>\n      <td>3.00</td>\n      <td>1330000.00</td>\n      <td>13.00</td>\n      <td>3148.00</td>\n      <td>3.00</td>\n      <td>2.00</td>\n      <td>2.00</td>\n      <td>651.00</td>\n      <td>174.00</td>\n      <td>1999.00</td>\n      <td>-37.76</td>\n      <td>145.06</td>\n      <td>10331.00</td>\n    </tr>\n    <tr>\n      <th>max</th>\n      <td>10.00</td>\n      <td>9000000.00</td>\n      <td>48.10</td>\n      <td>3977.00</td>\n      <td>20.00</td>\n      <td>8.00</td>\n      <td>10.00</td>\n      <td>433014.00</td>\n      <td>44515.00</td>\n      <td>2018.00</td>\n      <td>-37.41</td>\n      <td>145.53</td>\n      <td>21650.00</td>\n    </tr>\n  </tbody>\n</table>\n</div>"
     },
     "execution_count": 5,
     "metadata": {},
     "output_type": "execute_result"
    }
   ],
   "source": [
    "# Avaliando os dados\n",
    "df.describe().round(2)"
   ],
   "metadata": {
    "collapsed": false
   }
  },
  {
   "cell_type": "code",
   "execution_count": 6,
   "metadata": {},
   "outputs": [
    {
     "data": {
      "text/plain": "index              count\nRooms            13580.0\nPrice            13580.0\nDistance         13580.0\nPostcode         13580.0\nBedroom2         13580.0\nBathroom         13580.0\nCar              13518.0\nLandsize         13580.0\nBuildingArea      7130.0\nYearBuilt         8205.0\nLattitude        13580.0\nLongtitude       13580.0\nPropertycount    13580.0\nName: 0, dtype: object"
     },
     "execution_count": 6,
     "metadata": {},
     "output_type": "execute_result"
    }
   ],
   "source": [
    "# Pegando somente a contagem\n",
    "df.describe().round(2).reset_index().iloc[0,]"
   ]
  },
  {
   "cell_type": "markdown",
   "source": [],
   "metadata": {
    "collapsed": false
   }
  },
  {
   "cell_type": "code",
   "execution_count": 8,
   "metadata": {},
   "outputs": [
    {
     "data": {
      "text/plain": "Price            1.000000\nRooms            0.496634\nBedroom2         0.475951\nBathroom         0.467038\nCar              0.238302\nLongtitude       0.203656\nPostcode         0.107867\nBuildingArea     0.078827\nLandsize         0.037507\nPropertycount   -0.042153\nDistance        -0.162522\nLattitude       -0.212934\nYearBuilt       -0.214338\nName: Price, dtype: float64"
     },
     "execution_count": 8,
     "metadata": {},
     "output_type": "execute_result"
    }
   ],
   "source": [
    "# Preenchendo os valores faltantes\n",
    "df.fillna(axis=0, method='ffill', inplace=True\t)\n",
    "\n",
    "# Verificando correlação entre os itens com a coluna Price\n",
    "df.corr(numeric_only=True).loc[\"Price\"].sort_values(ascending=False)\n"
   ]
  },
  {
   "cell_type": "code",
   "execution_count": 9,
   "metadata": {},
   "outputs": [
    {
     "data": {
      "text/plain": "                  Rooms     Price  Distance  Postcode  Bedroom2  Bathroom       Car  Landsize  BuildingArea  YearBuilt  Lattitude  Longtitude  Propertycount\nRooms          1.000000  0.496634  0.294203  0.055303  0.944190  0.592934  0.406855  0.025678      0.099837  -0.018601   0.015948    0.100771      -0.081530\nPrice          0.496634  1.000000 -0.162522  0.107867  0.475951  0.467038  0.238302  0.037507      0.078827  -0.214338  -0.212934    0.203656      -0.042153\nDistance       0.294203 -0.162522  1.000000  0.431514  0.295927  0.127155  0.261632  0.025004      0.085914   0.201965  -0.130723    0.239425      -0.054910\nPostcode       0.055303  0.107867  0.431514  1.000000  0.060584  0.113664  0.049331  0.024558      0.048060   0.022051  -0.406104    0.445357       0.062304\nBedroom2       0.944190  0.475951  0.295927  0.060584  1.000000  0.584685  0.403729  0.025646      0.097012  -0.008712   0.015925    0.102238      -0.081350\nBathroom       0.592934  0.467038  0.127155  0.113664  0.584685  1.000000  0.321388  0.037130      0.091852   0.105938  -0.070594    0.118971      -0.052201\nCar            0.406855  0.238302  0.261632  0.049331  0.403729  0.321388  1.000000  0.026850      0.075207   0.092750  -0.002190    0.063597      -0.024360\nLandsize       0.025678  0.037507  0.025004  0.024558  0.025646  0.037130  0.026850  1.000000      0.093701   0.002262   0.009695    0.010833      -0.006854\nBuildingArea   0.099837  0.078827  0.085914  0.048060  0.097012  0.091852  0.075207  0.093701      1.000000   0.004196   0.025018   -0.007566      -0.026833\nYearBuilt     -0.018601 -0.214338  0.201965  0.022051 -0.008712  0.105938  0.092750  0.002262      0.004196   1.000000   0.041265   -0.001716       0.001009\nLattitude      0.015948 -0.212934 -0.130723 -0.406104  0.015925 -0.070594 -0.002190  0.009695      0.025018   0.041265   1.000000   -0.357634       0.047086\nLongtitude     0.100771  0.203656  0.239425  0.445357  0.102238  0.118971  0.063597  0.010833     -0.007566  -0.001716  -0.357634    1.000000       0.065988\nPropertycount -0.081530 -0.042153 -0.054910  0.062304 -0.081350 -0.052201 -0.024360 -0.006854     -0.026833   0.001009   0.047086    0.065988       1.000000",
      "text/html": "<div>\n<style scoped>\n    .dataframe tbody tr th:only-of-type {\n        vertical-align: middle;\n    }\n\n    .dataframe tbody tr th {\n        vertical-align: top;\n    }\n\n    .dataframe thead th {\n        text-align: right;\n    }\n</style>\n<table border=\"1\" class=\"dataframe\">\n  <thead>\n    <tr style=\"text-align: right;\">\n      <th></th>\n      <th>Rooms</th>\n      <th>Price</th>\n      <th>Distance</th>\n      <th>Postcode</th>\n      <th>Bedroom2</th>\n      <th>Bathroom</th>\n      <th>Car</th>\n      <th>Landsize</th>\n      <th>BuildingArea</th>\n      <th>YearBuilt</th>\n      <th>Lattitude</th>\n      <th>Longtitude</th>\n      <th>Propertycount</th>\n    </tr>\n  </thead>\n  <tbody>\n    <tr>\n      <th>Rooms</th>\n      <td>1.000000</td>\n      <td>0.496634</td>\n      <td>0.294203</td>\n      <td>0.055303</td>\n      <td>0.944190</td>\n      <td>0.592934</td>\n      <td>0.406855</td>\n      <td>0.025678</td>\n      <td>0.099837</td>\n      <td>-0.018601</td>\n      <td>0.015948</td>\n      <td>0.100771</td>\n      <td>-0.081530</td>\n    </tr>\n    <tr>\n      <th>Price</th>\n      <td>0.496634</td>\n      <td>1.000000</td>\n      <td>-0.162522</td>\n      <td>0.107867</td>\n      <td>0.475951</td>\n      <td>0.467038</td>\n      <td>0.238302</td>\n      <td>0.037507</td>\n      <td>0.078827</td>\n      <td>-0.214338</td>\n      <td>-0.212934</td>\n      <td>0.203656</td>\n      <td>-0.042153</td>\n    </tr>\n    <tr>\n      <th>Distance</th>\n      <td>0.294203</td>\n      <td>-0.162522</td>\n      <td>1.000000</td>\n      <td>0.431514</td>\n      <td>0.295927</td>\n      <td>0.127155</td>\n      <td>0.261632</td>\n      <td>0.025004</td>\n      <td>0.085914</td>\n      <td>0.201965</td>\n      <td>-0.130723</td>\n      <td>0.239425</td>\n      <td>-0.054910</td>\n    </tr>\n    <tr>\n      <th>Postcode</th>\n      <td>0.055303</td>\n      <td>0.107867</td>\n      <td>0.431514</td>\n      <td>1.000000</td>\n      <td>0.060584</td>\n      <td>0.113664</td>\n      <td>0.049331</td>\n      <td>0.024558</td>\n      <td>0.048060</td>\n      <td>0.022051</td>\n      <td>-0.406104</td>\n      <td>0.445357</td>\n      <td>0.062304</td>\n    </tr>\n    <tr>\n      <th>Bedroom2</th>\n      <td>0.944190</td>\n      <td>0.475951</td>\n      <td>0.295927</td>\n      <td>0.060584</td>\n      <td>1.000000</td>\n      <td>0.584685</td>\n      <td>0.403729</td>\n      <td>0.025646</td>\n      <td>0.097012</td>\n      <td>-0.008712</td>\n      <td>0.015925</td>\n      <td>0.102238</td>\n      <td>-0.081350</td>\n    </tr>\n    <tr>\n      <th>Bathroom</th>\n      <td>0.592934</td>\n      <td>0.467038</td>\n      <td>0.127155</td>\n      <td>0.113664</td>\n      <td>0.584685</td>\n      <td>1.000000</td>\n      <td>0.321388</td>\n      <td>0.037130</td>\n      <td>0.091852</td>\n      <td>0.105938</td>\n      <td>-0.070594</td>\n      <td>0.118971</td>\n      <td>-0.052201</td>\n    </tr>\n    <tr>\n      <th>Car</th>\n      <td>0.406855</td>\n      <td>0.238302</td>\n      <td>0.261632</td>\n      <td>0.049331</td>\n      <td>0.403729</td>\n      <td>0.321388</td>\n      <td>1.000000</td>\n      <td>0.026850</td>\n      <td>0.075207</td>\n      <td>0.092750</td>\n      <td>-0.002190</td>\n      <td>0.063597</td>\n      <td>-0.024360</td>\n    </tr>\n    <tr>\n      <th>Landsize</th>\n      <td>0.025678</td>\n      <td>0.037507</td>\n      <td>0.025004</td>\n      <td>0.024558</td>\n      <td>0.025646</td>\n      <td>0.037130</td>\n      <td>0.026850</td>\n      <td>1.000000</td>\n      <td>0.093701</td>\n      <td>0.002262</td>\n      <td>0.009695</td>\n      <td>0.010833</td>\n      <td>-0.006854</td>\n    </tr>\n    <tr>\n      <th>BuildingArea</th>\n      <td>0.099837</td>\n      <td>0.078827</td>\n      <td>0.085914</td>\n      <td>0.048060</td>\n      <td>0.097012</td>\n      <td>0.091852</td>\n      <td>0.075207</td>\n      <td>0.093701</td>\n      <td>1.000000</td>\n      <td>0.004196</td>\n      <td>0.025018</td>\n      <td>-0.007566</td>\n      <td>-0.026833</td>\n    </tr>\n    <tr>\n      <th>YearBuilt</th>\n      <td>-0.018601</td>\n      <td>-0.214338</td>\n      <td>0.201965</td>\n      <td>0.022051</td>\n      <td>-0.008712</td>\n      <td>0.105938</td>\n      <td>0.092750</td>\n      <td>0.002262</td>\n      <td>0.004196</td>\n      <td>1.000000</td>\n      <td>0.041265</td>\n      <td>-0.001716</td>\n      <td>0.001009</td>\n    </tr>\n    <tr>\n      <th>Lattitude</th>\n      <td>0.015948</td>\n      <td>-0.212934</td>\n      <td>-0.130723</td>\n      <td>-0.406104</td>\n      <td>0.015925</td>\n      <td>-0.070594</td>\n      <td>-0.002190</td>\n      <td>0.009695</td>\n      <td>0.025018</td>\n      <td>0.041265</td>\n      <td>1.000000</td>\n      <td>-0.357634</td>\n      <td>0.047086</td>\n    </tr>\n    <tr>\n      <th>Longtitude</th>\n      <td>0.100771</td>\n      <td>0.203656</td>\n      <td>0.239425</td>\n      <td>0.445357</td>\n      <td>0.102238</td>\n      <td>0.118971</td>\n      <td>0.063597</td>\n      <td>0.010833</td>\n      <td>-0.007566</td>\n      <td>-0.001716</td>\n      <td>-0.357634</td>\n      <td>1.000000</td>\n      <td>0.065988</td>\n    </tr>\n    <tr>\n      <th>Propertycount</th>\n      <td>-0.081530</td>\n      <td>-0.042153</td>\n      <td>-0.054910</td>\n      <td>0.062304</td>\n      <td>-0.081350</td>\n      <td>-0.052201</td>\n      <td>-0.024360</td>\n      <td>-0.006854</td>\n      <td>-0.026833</td>\n      <td>0.001009</td>\n      <td>0.047086</td>\n      <td>0.065988</td>\n      <td>1.000000</td>\n    </tr>\n  </tbody>\n</table>\n</div>"
     },
     "execution_count": 9,
     "metadata": {},
     "output_type": "execute_result"
    }
   ],
   "source": [
    "# Correlacao entre todos os itens\n",
    "df.corr(numeric_only=True)"
   ]
  },
  {
   "cell_type": "code",
   "execution_count": 10,
   "outputs": [
    {
     "data": {
      "text/plain": "            index        0\n0          Suburb   object\n1         Address   object\n2           Rooms    int64\n3            Type   object\n4           Price  float64\n5          Method   object\n6         SellerG   object\n7            Date   object\n8        Distance  float64\n9        Postcode  float64\n10       Bedroom2  float64\n11       Bathroom  float64\n12            Car  float64\n13       Landsize  float64\n14   BuildingArea  float64\n15      YearBuilt  float64\n16    CouncilArea   object\n17      Lattitude  float64\n18     Longtitude  float64\n19     Regionname   object\n20  Propertycount  float64",
      "text/html": "<div>\n<style scoped>\n    .dataframe tbody tr th:only-of-type {\n        vertical-align: middle;\n    }\n\n    .dataframe tbody tr th {\n        vertical-align: top;\n    }\n\n    .dataframe thead th {\n        text-align: right;\n    }\n</style>\n<table border=\"1\" class=\"dataframe\">\n  <thead>\n    <tr style=\"text-align: right;\">\n      <th></th>\n      <th>index</th>\n      <th>0</th>\n    </tr>\n  </thead>\n  <tbody>\n    <tr>\n      <th>0</th>\n      <td>Suburb</td>\n      <td>object</td>\n    </tr>\n    <tr>\n      <th>1</th>\n      <td>Address</td>\n      <td>object</td>\n    </tr>\n    <tr>\n      <th>2</th>\n      <td>Rooms</td>\n      <td>int64</td>\n    </tr>\n    <tr>\n      <th>3</th>\n      <td>Type</td>\n      <td>object</td>\n    </tr>\n    <tr>\n      <th>4</th>\n      <td>Price</td>\n      <td>float64</td>\n    </tr>\n    <tr>\n      <th>5</th>\n      <td>Method</td>\n      <td>object</td>\n    </tr>\n    <tr>\n      <th>6</th>\n      <td>SellerG</td>\n      <td>object</td>\n    </tr>\n    <tr>\n      <th>7</th>\n      <td>Date</td>\n      <td>object</td>\n    </tr>\n    <tr>\n      <th>8</th>\n      <td>Distance</td>\n      <td>float64</td>\n    </tr>\n    <tr>\n      <th>9</th>\n      <td>Postcode</td>\n      <td>float64</td>\n    </tr>\n    <tr>\n      <th>10</th>\n      <td>Bedroom2</td>\n      <td>float64</td>\n    </tr>\n    <tr>\n      <th>11</th>\n      <td>Bathroom</td>\n      <td>float64</td>\n    </tr>\n    <tr>\n      <th>12</th>\n      <td>Car</td>\n      <td>float64</td>\n    </tr>\n    <tr>\n      <th>13</th>\n      <td>Landsize</td>\n      <td>float64</td>\n    </tr>\n    <tr>\n      <th>14</th>\n      <td>BuildingArea</td>\n      <td>float64</td>\n    </tr>\n    <tr>\n      <th>15</th>\n      <td>YearBuilt</td>\n      <td>float64</td>\n    </tr>\n    <tr>\n      <th>16</th>\n      <td>CouncilArea</td>\n      <td>object</td>\n    </tr>\n    <tr>\n      <th>17</th>\n      <td>Lattitude</td>\n      <td>float64</td>\n    </tr>\n    <tr>\n      <th>18</th>\n      <td>Longtitude</td>\n      <td>float64</td>\n    </tr>\n    <tr>\n      <th>19</th>\n      <td>Regionname</td>\n      <td>object</td>\n    </tr>\n    <tr>\n      <th>20</th>\n      <td>Propertycount</td>\n      <td>float64</td>\n    </tr>\n  </tbody>\n</table>\n</div>"
     },
     "execution_count": 10,
     "metadata": {},
     "output_type": "execute_result"
    }
   ],
   "source": [
    "df.dtypes.reset_index()"
   ],
   "metadata": {
    "collapsed": false
   }
  },
  {
   "cell_type": "code",
   "execution_count": 11,
   "outputs": [],
   "source": [
    "# Convertendo quarto para inteiro\n",
    "for coluna in numericas_converter:\n",
    "    df[coluna] = arquivos.converter_para_inteiro(df[coluna])\n",
    "\n",
    "\n",
    "# Convertendo Codigo postal para String\n",
    "df.Postcode = arquivos.converter_para_string(df, 'Postcode')\n",
    "\n",
    "# Convertendo Date para data\n",
    "df.Date = arquivos.converter_para_data(df.Date)"
   ],
   "metadata": {
    "collapsed": false
   }
  },
  {
   "cell_type": "code",
   "execution_count": 12,
   "outputs": [
    {
     "data": {
      "text/plain": "            index               0\n0          Suburb          object\n1         Address          object\n2           Rooms            int8\n3            Type          object\n4           Price         float64\n5          Method          object\n6         SellerG          object\n7            Date  datetime64[ns]\n8        Distance         float64\n9        Postcode          object\n10       Bedroom2            int8\n11       Bathroom            int8\n12            Car            int8\n13       Landsize         float64\n14   BuildingArea         float64\n15      YearBuilt         float64\n16    CouncilArea          object\n17      Lattitude         float64\n18     Longtitude         float64\n19     Regionname          object\n20  Propertycount           int16",
      "text/html": "<div>\n<style scoped>\n    .dataframe tbody tr th:only-of-type {\n        vertical-align: middle;\n    }\n\n    .dataframe tbody tr th {\n        vertical-align: top;\n    }\n\n    .dataframe thead th {\n        text-align: right;\n    }\n</style>\n<table border=\"1\" class=\"dataframe\">\n  <thead>\n    <tr style=\"text-align: right;\">\n      <th></th>\n      <th>index</th>\n      <th>0</th>\n    </tr>\n  </thead>\n  <tbody>\n    <tr>\n      <th>0</th>\n      <td>Suburb</td>\n      <td>object</td>\n    </tr>\n    <tr>\n      <th>1</th>\n      <td>Address</td>\n      <td>object</td>\n    </tr>\n    <tr>\n      <th>2</th>\n      <td>Rooms</td>\n      <td>int8</td>\n    </tr>\n    <tr>\n      <th>3</th>\n      <td>Type</td>\n      <td>object</td>\n    </tr>\n    <tr>\n      <th>4</th>\n      <td>Price</td>\n      <td>float64</td>\n    </tr>\n    <tr>\n      <th>5</th>\n      <td>Method</td>\n      <td>object</td>\n    </tr>\n    <tr>\n      <th>6</th>\n      <td>SellerG</td>\n      <td>object</td>\n    </tr>\n    <tr>\n      <th>7</th>\n      <td>Date</td>\n      <td>datetime64[ns]</td>\n    </tr>\n    <tr>\n      <th>8</th>\n      <td>Distance</td>\n      <td>float64</td>\n    </tr>\n    <tr>\n      <th>9</th>\n      <td>Postcode</td>\n      <td>object</td>\n    </tr>\n    <tr>\n      <th>10</th>\n      <td>Bedroom2</td>\n      <td>int8</td>\n    </tr>\n    <tr>\n      <th>11</th>\n      <td>Bathroom</td>\n      <td>int8</td>\n    </tr>\n    <tr>\n      <th>12</th>\n      <td>Car</td>\n      <td>int8</td>\n    </tr>\n    <tr>\n      <th>13</th>\n      <td>Landsize</td>\n      <td>float64</td>\n    </tr>\n    <tr>\n      <th>14</th>\n      <td>BuildingArea</td>\n      <td>float64</td>\n    </tr>\n    <tr>\n      <th>15</th>\n      <td>YearBuilt</td>\n      <td>float64</td>\n    </tr>\n    <tr>\n      <th>16</th>\n      <td>CouncilArea</td>\n      <td>object</td>\n    </tr>\n    <tr>\n      <th>17</th>\n      <td>Lattitude</td>\n      <td>float64</td>\n    </tr>\n    <tr>\n      <th>18</th>\n      <td>Longtitude</td>\n      <td>float64</td>\n    </tr>\n    <tr>\n      <th>19</th>\n      <td>Regionname</td>\n      <td>object</td>\n    </tr>\n    <tr>\n      <th>20</th>\n      <td>Propertycount</td>\n      <td>int16</td>\n    </tr>\n  </tbody>\n</table>\n</div>"
     },
     "execution_count": 12,
     "metadata": {},
     "output_type": "execute_result"
    }
   ],
   "source": [
    "df.dtypes.reset_index().head(30)"
   ],
   "metadata": {
    "collapsed": false
   }
  },
  {
   "cell_type": "code",
   "execution_count": 13,
   "outputs": [
    {
     "data": {
      "text/plain": "['Suburb',\n 'Address',\n 'Type',\n 'Method',\n 'SellerG',\n 'Postcode',\n 'CouncilArea',\n 'Regionname']"
     },
     "execution_count": 13,
     "metadata": {},
     "output_type": "execute_result"
    }
   ],
   "source": [
    "# Variaveis categoricas\n",
    "categoricas = [row['index']   for  index, row   in  df.dtypes.reset_index().iterrows() if row['index'] != 'Date' and row[0] == 'object']\n",
    "\n",
    "categoricas"
   ],
   "metadata": {
    "collapsed": false
   }
  },
  {
   "cell_type": "code",
   "execution_count": 14,
   "outputs": [
    {
     "data": {
      "text/plain": "['Price',\n 'Distance',\n 'Landsize',\n 'BuildingArea',\n 'YearBuilt',\n 'Lattitude',\n 'Longtitude']"
     },
     "execution_count": 14,
     "metadata": {},
     "output_type": "execute_result"
    }
   ],
   "source": [
    "continuas = [row['index']   for  index, row   in  df.dtypes.reset_index().iterrows() if row['index'] != 'Date' and row[0] == 'float']\n",
    "continuas"
   ],
   "metadata": {
    "collapsed": false
   }
  },
  {
   "cell_type": "code",
   "execution_count": 15,
   "outputs": [
    {
     "data": {
      "text/plain": "['Rooms', 'Bedroom2', 'Bathroom', 'Car']"
     },
     "execution_count": 15,
     "metadata": {},
     "output_type": "execute_result"
    }
   ],
   "source": [
    "discretas = [row['index']   for  index, row   in  df.dtypes.reset_index().iterrows() if row['index'] != 'Date' and row[0] == 'int8']\n",
    "discretas"
   ],
   "metadata": {
    "collapsed": false
   }
  },
  {
   "cell_type": "code",
   "execution_count": 16,
   "outputs": [
    {
     "name": "stdout",
     "output_type": "stream",
     "text": [
      "Coluna: Suburb\n",
      "Suburb\n",
      "Reservoir             359\n",
      "Richmond              260\n",
      "Bentleigh East        249\n",
      "Preston               239\n",
      "Brunswick             222\n",
      "Essendon              220\n",
      "South Yarra           202\n",
      "Glen Iris             195\n",
      "Hawthorn              191\n",
      "Coburg                190\n",
      "Northcote             188\n",
      "Brighton              186\n",
      "Kew                   177\n",
      "Pascoe Vale           171\n",
      "Balwyn North          171\n",
      "Yarraville            164\n",
      "St Kilda              162\n",
      "Glenroy               159\n",
      "Port Melbourne        153\n",
      "Moonee Ponds          149\n",
      "Carnegie              146\n",
      "Bentleigh             139\n",
      "Thornbury             139\n",
      "Brighton East         138\n",
      "Newport               137\n",
      "Footscray             132\n",
      "Camberwell            132\n",
      "Elwood                131\n",
      "Ascot Vale            130\n",
      "Hampton               130\n",
      "Surrey Hills          125\n",
      "Prahran               123\n",
      "Keilor East           121\n",
      "Hawthorn East         119\n",
      "Kensington            117\n",
      "Malvern East          117\n",
      "Doncaster             116\n",
      "Sunshine              111\n",
      "Brunswick West        110\n",
      "Balwyn                107\n",
      "Williamstown          107\n",
      "West Footscray        105\n",
      "Fawkner               102\n",
      "Toorak                100\n",
      "Ivanhoe                98\n",
      "Maribyrnong            96\n",
      "Armadale               95\n",
      "Maidstone              94\n",
      "Fitzroy North          93\n",
      "Templestowe Lower      92\n",
      "Brunswick East         88\n",
      "Sunshine West          86\n",
      "South Melbourne        85\n",
      "Burwood                84\n",
      "Ormond                 83\n",
      "Niddrie                82\n",
      "Murrumbeena            82\n",
      "North Melbourne        81\n",
      "Heidelberg Heights     78\n",
      "Heidelberg West        76\n",
      "Altona                 74\n",
      "Avondale Heights       74\n",
      "Bulleen                71\n",
      "Albert Park            69\n",
      "Sunshine North         68\n",
      "Airport West           67\n",
      "Malvern                67\n",
      "Collingwood            65\n",
      "Moorabbin              64\n",
      "Strathmore             63\n",
      "Oak Park               63\n",
      "Seddon                 62\n",
      "Flemington             62\n",
      "Hadfield               62\n",
      "Elsternwick            61\n",
      "Rosanna                61\n",
      "Windsor                60\n",
      "Ashburton              60\n",
      "Fitzroy                59\n",
      "Box Hill               59\n",
      "Oakleigh South         58\n",
      "Clifton Hill           57\n",
      "Mount Waverley         57\n",
      "Abbotsford             56\n",
      "Altona North           56\n",
      "Coburg North           56\n",
      "Canterbury             54\n",
      "Epping                 52\n",
      "Watsonia               52\n",
      "Carlton                51\n",
      "Heidelberg             51\n",
      "Werribee               50\n",
      "Kew East               49\n",
      "Carlton North          48\n",
      "Caulfield South        47\n",
      "Oakleigh               47\n",
      "Craigieburn            47\n",
      "Ashwood                46\n",
      "Cheltenham             46\n",
      "Melbourne              46\n",
      "Braybrook              46\n",
      "Glen Waverley          45\n",
      "Aberfeldie             44\n",
      "Mill Park              43\n",
      "Fairfield              43\n",
      "Lalor                  42\n",
      "Viewbank               41\n",
      "Doncaster East         41\n",
      "Southbank              41\n",
      "Albion                 41\n",
      "Hoppers Crossing       38\n",
      "Sunbury                38\n",
      "Greensborough          36\n",
      "Bundoora               36\n",
      "Hughesdale             35\n",
      "Chadstone              35\n",
      "Caulfield North        35\n",
      "Mont Albert            34\n",
      "Alphington             34\n",
      "Middle Park            34\n",
      "Kingsville             34\n",
      "Croydon                33\n",
      "Parkville              31\n",
      "West Melbourne         31\n",
      "Mitcham                30\n",
      "Thomastown             29\n",
      "Spotswood              29\n",
      "Mulgrave               29\n",
      "Highett                27\n",
      "Balaclava              27\n",
      "Wheelers Hill          26\n",
      "Essendon West          26\n",
      "Mentone                26\n",
      "Hampton East           25\n",
      "Eltham                 25\n",
      "Cremorne               25\n",
      "Jacana                 25\n",
      "St Albans              25\n",
      "Ivanhoe East           25\n",
      "Sandringham            25\n",
      "Gowanbrae              24\n",
      "Yallambie              24\n",
      "Frankston              24\n",
      "Parkdale               24\n",
      "Eaglemont              23\n",
      "Broadmeadows           23\n",
      "Keilor Park            22\n",
      "East Melbourne         22\n",
      "Forest Hill            22\n",
      "Wantirna South         22\n",
      "South Kingsville       22\n",
      "Ferntree Gully         22\n",
      "Essendon North         22\n",
      "Taylors Lakes          22\n",
      "Dingley Village        21\n",
      "Blackburn              21\n",
      "South Morang           21\n",
      "Gladstone Park         20\n",
      "Ringwood               20\n",
      "Nunawading             20\n",
      "Williamstown North     19\n",
      "Kealba                 19\n",
      "Templestowe            19\n",
      "Mordialloc             18\n",
      "Hillside               18\n",
      "Melton South           18\n",
      "Beaumaris              18\n",
      "Montmorency            17\n",
      "Meadow Heights         17\n",
      "Glen Huntly            17\n",
      "Greenvale              17\n",
      "Frankston South        16\n",
      "Dandenong North        16\n",
      "Burwood East           16\n",
      "Bellfield              16\n",
      "Heathmont              16\n",
      "Keilor Downs           15\n",
      "Roxburgh Park          15\n",
      "Bayswater              14\n",
      "Deer Park              14\n",
      "Vermont                14\n",
      "Seaford                14\n",
      "Boronia                14\n",
      "Blackburn North        14\n",
      "Westmeadows            14\n",
      "Point Cook             13\n",
      "Tullamarine            13\n",
      "Vermont South          13\n",
      "Clayton                13\n",
      "Eltham North           13\n",
      "Kingsbury              13\n",
